116 43 1
172 83 0.895698
203 164 0.857908
147 83 0.794126
165 122 0.771503
103 83 0.741046
202 164 0.737808
44 6 0.734214
214 181 0.718764
213 143 0.644745
83 44 0.638908
181 147 0.614245
133 101 0.611602
147 44 0.609431
164 163 0.607043
83 55 0.552329
181 161 0.544248
212 3 0.534708
170 165 0.516477
208 98 0.510364
189 172 0.503968
83 50 0.498225
208 99 0.49458
127 110 0.492257
165 116 0.490355
161 56 0.489549
172 150 0.485323
83 56 0.480967
100 83 0.4733
194 81 0.46763
198 45 0.447366
217 66 0.444426
83 80 0.441115
83 61 0.423342
83 34 0.411297
44 10 0.397219
181 158 0.394656
44 23 0.391222
84 83 0.384964
83 24 0.371808
161 137 0.364374
161 81 0.352619
207 33 0.350209
199 46 0.347268
148 77 0.339921
135 116 0.33905
172 152 0.333604
107 72 0.332617
208 97 0.332327
195 83 0.309166
170 139 0.307678
215 18 0.303605
79 11 0.290877
164 153 0.288765
210 64 0.287864
215 209 0.279319
83 35 0.275674
83 51 0.268944
83 7 0.268494
165 16 0.264936
147 53 0.260631
207 32 0.257023
119 44 0.254569
199 14 0.248855
131 124 0.246851
125 121 0.246074
157 42 0.244949
83 49 0.244731
152 58 0.240121
196 173 0.239365
83 36 0.235917
140 12 0.235133
166 165 0.232708
85 38 0.232011
88 44 0.229477
104 31 0.229157
105 31 0.229157
37 9 0.220409
147 41 0.219574
83 27 0.218826
102 83 0.218325
207 124 0.214847
198 154 0.212742
181 81 0.212691
179 83 0.212415
181 86 0.21023
164 75 0.207718
149 124 0.207652
65 29 0.20705
129 23 0.196413
130 23 0.196413
82 55 0.190765
216 147 0.190583
170 44 0.188964
213 71 0.188768
161 57 0.188187
165 111 0.177689
172 108 0.174734
59 8 0.174531
165 70 0.173449
180 32 0.168672
181 28 0.167372
197 23 0.16555
185 181 0.155443
177 147 0.154224
198 164 0.153701
165 118 0.152648
92 1 0.150274
147 22 0.137547
83 76 0.135906
165 117 0.133895
45 11 0.131702
175 112 0.130737
81 17 0.129945
192 83 0.126889
136 82 0.123868
87 83 0.122191
172 145 0.121334
142 81 0.119084
174 94 0.11843
73 44 0.117457
213 62 0.114822
211 181 0.111809
168 116 0.108498
120 44 0.107932
181 90 0.104505
141 83 0.104106
181 172 0.103009
209 106 0.0998149
83 39 0.0982975
187 169 0.095858
83 5 0.0940792
182 151 0.0881112
63 0 0.085846
210 168 0.0852652
186 172 0.0844302
110 83 0.0800958
109 83 0.0788471
207 31 0.078818
162 128 0.0704614
25 4 0.0697862
93 44 0.0637746
184 21 0.0615893
124 116 0.0546992
212 2 0.053465
147 91 0.0509892
54 23 0.0497985
83 20 0.0441936
52 26 0.0409192
83 60 0.0407812
187 168 0.0401205
116 114 0.0398809
83 8 0.0351254
160 83 0.0342179
96 72 0.032715
147 113 0.0318075
183 155 0.0313864
83 67 0.0282499
193 92 0.0280466
115 89 0.027778
181 123 0.0247795
144 83 0.0246343
134 83 0.0244165
191 83 0.0239954
83 74 0.0229281
190 83 0.0215123
178 83 0.0206629
170 81 0.0202563
200 83 0.0196319
81 15 0.0189422
83 40 0.0188115
83 78 0.018492
181 69 0.0184557
207 164 0.018129
201 164 0.0163212
82 39 0.0154209
176 104 0.0152685
176 105 0.0152685
132 83 0.0151232
188 156 0.0147167
159 83 0.00883581
83 9 0.00833485
44 13 0.00818964
146 83 0.00814608
172 48 0.00802265
200 167 0.00668675
83 30 0.00540168
204 115 0.00473373
205 115 0.00473373
206 115 0.00473373
126 83 0.00387701
207 36 0.00298399
174 95 0.00199659
169 164 0.00170617
83 19 0.00169891
207 90 0.00166261
131 5 0.0013722
92 47 0.000842197
171 138 0.000631648
213 68 0
